Date,MSA_Code,MSA_Title,Cases,Deaths,Daily_Cases,Daily_Deaths,Daily_Cases7,Daily_Deaths7,mean_health,mean_illness,City,illness7,illness14,illness21,R2_7,R2_14,R2_21,Forecast,Forecast_Lwr,Forecast_Upr
2021-05-01,C1206,"Atlanta-Sandy Springs-Roswell, GA MSA",592438,8663,794,11,757,14.71,0.505248545584245,0.278183844052179,Atlanta,0.275239429980119,0.428163523564436,0.300101838392498,0.578036174499681,0.589398061209369,0.600121232882838,828.327041194889,717.93541034775,938.718672042028
2021-05-02,C1206,"Atlanta-Sandy Springs-Roswell, GA MSA",593476,8663,1038,0,821.29,14.57,0.448734174069873,0.267707730183207,Atlanta,0.26116774950831,0.418228852423883,0.32276710247119,0.578036174499681,0.589398061209369,0.600121232882838,840.304901453533,729.767342171708,950.842460735359
2021-05-03,C1206,"Atlanta-Sandy Springs-Roswell, GA MSA",594068,8673,592,10,834.14,13.43,0.41796656843607,0.236715172094952,Atlanta,0.25710218549353,0.397714832372195,0.349426970936467,0.578036174499681,0.589398061209369,0.600121232882838,852.89355730903,742.892406524294,962.894708093765
2021-05-04,C1206,"Atlanta-Sandy Springs-Roswell, GA MSA",594796,8677,728,4,824.43,12.43,0.426021458994259,0.245243264568334,Atlanta,0.257726046974542,0.36927115811509,0.376859315895651,0.578036174499681,0.589398061209369,0.600121232882838,865.091990363648,755.581563549777,974.602417177519
2021-05-05,C1206,"Atlanta-Sandy Springs-Roswell, GA MSA",595433,8691,637,14,795.57,10.43,0.402247709126285,0.226800157595815,Atlanta,0.253920739430934,0.345490435376998,0.398777988837986,0.578036174499681,0.589398061209369,0.600121232882838,875.171110329374,765.311535401616,985.030685257132
2021-05-06,C1206,"Atlanta-Sandy Springs-Roswell, GA MSA",596106,8707,673,16,763.14,9.43,0.360548255617279,0.206012087745472,Atlanta,0.251243193064472,0.321309950682937,0.41621011804282,0.578036174499681,0.589398061209369,0.600121232882838,882.918951795034,772.409438358738,993.428465231331
2021-05-07,C1206,"Atlanta-Sandy Springs-Roswell, GA MSA",596863,8734,757,27,745.57,11.71,0.325530486795576,0.172085863800212,Atlanta,0.254292546341233,0.294822092795659,0.428867667611093,0.578036174499681,0.589398061209369,0.600121232882838,887.701383459078,776.644066914215,998.75870000394
2021-05-08,C1206,"Atlanta-Sandy Springs-Roswell, GA MSA",597464,8752,601,18,718,12.71,0.315510824404338,0.148911428468,Atlanta,0.259943265179317,0.275239429980119,0.428163523564436,0.578036174499681,0.589398061209369,0.600121232882838,875.505898118221,771.096792307124,979.915003929319
2021-05-09,C1206,"Atlanta-Sandy Springs-Roswell, GA MSA",597855,8751,391,-1,625.57,12.57,0.342528572906236,0.164226356552587,Atlanta,0.263693405773833,0.26116774950831,0.418228852423883,0.578036174499681,0.589398061209369,0.600121232882838,869.746342593847,764.632255465972,974.860429721723
2021-05-10,C1206,"Atlanta-Sandy Springs-Roswell, GA MSA",598138,8752,283,1,581.43,11.29,0.366982398763756,0.178717080416499,Atlanta,0.259226306542999,0.25710218549353,0.397714832372195,0.578036174499681,0.589398061209369,0.600121232882838,859.162607108146,753.621014702455,964.704199513838
2021-05-11,C1206,"Atlanta-Sandy Springs-Roswell, GA MSA",598643,8767,505,15,549.57,12.86,0.382874115435686,0.165470993109063,Atlanta,0.256480017063054,0.257726046974542,0.36927115811509,0.578036174499681,0.589398061209369,0.600121232882838,844.815723118369,738.779385637468,950.85206059927
2021-05-12,C1206,"Atlanta-Sandy Springs-Roswell, GA MSA",599236,8798,593,31,543.29,15.29,0.43758045479807,0.186515949208094,Atlanta,0.25253875148364,0.253920739430934,0.345490435376998,0.578036174499681,0.589398061209369,0.600121232882838,832.594154873262,725.761820914059,939.426488832465
2021-05-13,C1206,"Atlanta-Sandy Springs-Roswell, GA MSA",599914,8809,678,11,544,14.57,0.474154748059598,0.185311292900475,Atlanta,0.245913492998803,0.251243193064472,0.321309950682937,0.578036174499681,0.589398061209369,0.600121232882838,820.229565421067,712.483745615583,927.975385226553
2021-05-14,C1206,"Atlanta-Sandy Springs-Roswell, GA MSA",600458,8822,544,13,513.57,12.57,0.523714424494275,0.236939803278986,Atlanta,0.23324973143431,0.254292546341233,0.294822092795659,0.578036174499681,0.589398061209369,0.600121232882838,806.998491862908,698.358814044794,915.638169681022
2021-05-15,C1206,"Atlanta-Sandy Springs-Roswell, GA MSA",600892,8831,434,9,489.71,11.29,0.541570623301747,0.239694691474297,Atlanta,0.214782243493713,0.259943265179317,0.275239429980119,0.578036174499681,0.589398061209369,0.600121232882838,806.235913529226,702.538452695486,909.933374362967
2021-05-16,C1206,"Atlanta-Sandy Springs-Roswell, GA MSA",601220,8831,328,0,480.71,11.43,0.53347390654588,0.222129139806944,Atlanta,0.19999919011791,0.263693405773833,0.26116774950831,0.578036174499681,0.589398061209369,0.600121232882838,799.125070738919,694.714444525257,903.535696952582
2021-05-17,C1206,"Atlanta-Sandy Springs-Roswell, GA MSA",601461,8831,241,0,474.71,11.29,0.487799583793951,0.202070305673313,Atlanta,0.19171374844956,0.259226306542999,0.25710218549353,0.578036174499681,0.589398061209369,0.600121232882838,797.070619131597,692.444448774903,901.696789488292
2021-05-18,C1206,"Atlanta-Sandy Springs-Roswell, GA MSA",601904,8845,443,14,465.86,11.14,0.445682282975318,0.208398069999383,Atlanta,0.180317709669664,0.256480017063054,0.257726046974542,0.578036174499681,0.589398061209369,0.600121232882838,797.385875075853,692.793054152274,901.978695999432
2021-05-19,C1206,"Atlanta-Sandy Springs-Roswell, GA MSA",602337,8863,433,18,443,9.29,0.418439492302287,0.183017168996074,Atlanta,0.174562822757132,0.25253875148364,0.253920739430934,0.578036174499681,0.589398061209369,0.600121232882838,795.462938880309,690.665159610895,900.260718149724
2021-05-20,C1206,"Atlanta-Sandy Springs-Roswell, GA MSA",602766,8877,429,14,407.43,9.71,0.413466756774654,0.190036773339142,Atlanta,0.171605566350704,0.245913492998803,0.251243193064472,0.578036174499681,0.589398061209369,0.600121232882838,794.109894280284,689.165697773804,899.054090786763
2021-05-21,C1206,"Atlanta-Sandy Springs-Roswell, GA MSA",603144,8891,378,14,383.71,9.86,0.387298990300765,0.154853475910947,Atlanta,0.180870414847672,0.23324973143431,0.254292546341233,0.578036174499681,0.589398061209369,0.600121232882838,795.650824079436,690.873232927674,900.428415231197
