Date,MSA_Code,MSA_Title,Cases,Deaths,Daily_Cases,Daily_Deaths,Daily_Cases7,Daily_Deaths7,mean_health,mean_illness,City,illness7,illness14,illness21,R2_7,R2_14,R2_21,Forecast,Forecast_Lwr,Forecast_Upr
2021-05-04,C1206,"Atlanta-Sandy Springs-Roswell, GA MSA",594796,8677,728,4,824.43,12.43,0.426021458994259,0.245243264568334,Atlanta,0.257726046974542,0.36927115811509,0.376859315895651,0.635737550096131,0.633814989230319,0.644204516588873,868.281281355243,762.76109657533,973.801466135156
2021-05-05,C1206,"Atlanta-Sandy Springs-Roswell, GA MSA",595433,8691,637,14,795.57,10.43,0.402247709126285,0.226800157595815,Atlanta,0.253920739430934,0.345490435376998,0.398777988837986,0.635737550096131,0.633814989230319,0.644204516588873,880.565321981562,773.558040976319,987.572602986805
2021-05-06,C1206,"Atlanta-Sandy Springs-Roswell, GA MSA",596106,8707,673,16,763.14,9.43,0.360548255617279,0.206012087745472,Atlanta,0.251243193064472,0.321309950682937,0.41621011804282,0.635737550096131,0.633814989230319,0.644204516588873,890.281368499588,781.466719291007,999.096017708168
2021-05-07,C1206,"Atlanta-Sandy Springs-Roswell, GA MSA",596863,8734,757,27,745.57,11.71,0.325530486795576,0.172085863800212,Atlanta,0.254292546341233,0.294822092795659,0.428867667611093,0.635737550096131,0.633814989230319,0.644204516588873,896.381203810699,786.111048390451,1006.65135923095
2021-05-08,C1206,"Atlanta-Sandy Springs-Roswell, GA MSA",597464,8752,601,18,718,12.71,0.315510824404338,0.148911428468,Atlanta,0.259943265179317,0.275239429980119,0.428163523564436,0.635737550096131,0.633814989230319,0.644204516588873,894.958857929389,783.972516791013,1005.94519906776
2021-05-09,C1206,"Atlanta-Sandy Springs-Roswell, GA MSA",597855,8751,391,-1,625.57,12.57,0.342528572906236,0.164226356552587,Atlanta,0.263693405773833,0.26116774950831,0.418228852423883,0.635737550096131,0.633814989230319,0.644204516588873,889.063857637923,777.437924175697,1000.68979110015
2021-05-10,C1206,"Atlanta-Sandy Springs-Roswell, GA MSA",598138,8752,283,1,581.43,11.29,0.366982398763756,0.178717080416499,Atlanta,0.259226306542999,0.25710218549353,0.397714832372195,0.635737550096131,0.633814989230319,0.644204516588873,879.217735799959,766.455668796959,991.979802802959
2021-05-11,C1206,"Atlanta-Sandy Springs-Roswell, GA MSA",598643,8767,505,15,549.57,12.86,0.382874115435686,0.165470993109063,Atlanta,0.256480017063054,0.257726046974542,0.36927115811509,0.635737550096131,0.633814989230319,0.644204516588873,841.263175940892,737.796610997568,944.729740884216
2021-05-12,C1206,"Atlanta-Sandy Springs-Roswell, GA MSA",599236,8798,593,31,543.29,15.29,0.43758045479807,0.186515949208094,Atlanta,0.25253875148364,0.253920739430934,0.345490435376998,0.635737550096131,0.633814989230319,0.644204516588873,828.651158863083,724.537583164029,932.764734562137
2021-05-13,C1206,"Atlanta-Sandy Springs-Roswell, GA MSA",599914,8809,678,11,544,14.57,0.474154748059598,0.185311292900475,Atlanta,0.245913492998803,0.251243193064472,0.321309950682937,0.635737550096131,0.633814989230319,0.644204516588873,815.889408632488,711.026954784113,920.751862480864
2021-05-14,C1206,"Atlanta-Sandy Springs-Roswell, GA MSA",600458,8822,544,13,513.57,12.57,0.523714424494275,0.236939803278986,Atlanta,0.23324973143431,0.254292546341233,0.294822092795659,0.635737550096131,0.633814989230319,0.644204516588873,802.222531238911,696.660414757302,907.78464772052
2021-05-15,C1206,"Atlanta-Sandy Springs-Roswell, GA MSA",600892,8831,434,9,489.71,11.29,0.541570623301747,0.239694691474297,Atlanta,0.214782243493713,0.259943265179317,0.275239429980119,0.635737550096131,0.633814989230319,0.644204516588873,792.296000211744,686.254542212256,898.337458211232
2021-05-16,C1206,"Atlanta-Sandy Springs-Roswell, GA MSA",601220,8831,328,0,480.71,11.43,0.53347390654588,0.222129139806944,Atlanta,0.19999919011791,0.263693405773833,0.26116774950831,0.635737550096131,0.633814989230319,0.644204516588873,785.146790014323,678.679366488609,891.614213540037
2021-05-17,C1206,"Atlanta-Sandy Springs-Roswell, GA MSA",601461,8831,241,0,474.71,11.29,0.487799583793951,0.202070305673313,Atlanta,0.19171374844956,0.259226306542999,0.25710218549353,0.635737550096131,0.633814989230319,0.644204516588873,782.791183126212,675.946480932642,889.635885319782
2021-05-18,C1206,"Atlanta-Sandy Springs-Roswell, GA MSA",601904,8845,443,14,465.86,11.14,0.445682282975318,0.208398069999383,Atlanta,0.180317709669664,0.256480017063054,0.257726046974542,0.635737550096131,0.633814989230319,0.644204516588873,790.512733523646,688.650971880259,892.374495167032
2021-05-19,C1206,"Atlanta-Sandy Springs-Roswell, GA MSA",602337,8863,433,18,443,9.29,0.418439492302287,0.183017168996074,Atlanta,0.174562822757132,0.25253875148364,0.253920739430934,0.635737550096131,0.633814989230319,0.644204516588873,788.517267558797,686.474059663638,890.560475453955
2021-05-20,C1206,"Atlanta-Sandy Springs-Roswell, GA MSA",602766,8877,429,14,407.43,9.71,0.413466756774654,0.190036773339142,Atlanta,0.171605566350704,0.245913492998803,0.251243193064472,0.635737550096131,0.633814989230319,0.644204516588873,787.113188497551,684.940253258617,889.286123736484
2021-05-21,C1206,"Atlanta-Sandy Springs-Roswell, GA MSA",603144,8891,378,14,383.71,9.86,0.387298990300765,0.154853475910947,Atlanta,0.180870414847672,0.23324973143431,0.254292546341233,0.635737550096131,0.633814989230319,0.644204516588873,788.712239456993,686.6869115989,890.737567315086
2021-05-22,C1206,"Atlanta-Sandy Springs-Roswell, GA MSA",603488,8911,344,20,370.86,11.43,0.444903968024877,0.212336415079036,Atlanta,0.19383945242,0.214782243493713,0.259943265179317,0.635737550096131,0.633814989230319,0.644204516588873,791.675421010418,689.917794006356,893.43304801448
2021-05-23,C1206,"Atlanta-Sandy Springs-Roswell, GA MSA",603743,8911,255,0,360.43,11.43,0.51002361088202,0.260017665079036,Atlanta,0.202111278599194,0.19999919011791,0.263693405773833,0.635737550096131,0.633814989230319,0.644204516588873,793.641957968076,692.057788588853,895.226127347298
2021-05-24,C1206,"Atlanta-Sandy Springs-Roswell, GA MSA",603904,8912,161,1,349,11.57,0.534011584980077,0.264251179021153,Atlanta,0.205447453635882,0.19171374844956,0.259226306542999,0.635737550096131,0.633814989230319,0.644204516588873,791.299454931308,689.508283203893,893.090626658723
