Date,MSA_Code,MSA_Title,Cases,Deaths,Daily_Cases,Daily_Deaths,Daily_Cases7,Daily_Deaths7,mean_health,mean_illness,City,illness7,illness14,illness21,R2_7,R2_14,R2_21,Forecast,Forecast_Lwr,Forecast_Upr
2021-05-03,C1206,"Atlanta-Sandy Springs-Roswell, GA MSA",594068,8673,592,10,834.14,13.43,0.41796656843607,0.236715172094952,Atlanta,0.25710218549353,0.397714832372195,0.349426970936467,0.640176148642557,0.628473462615461,0.640621314598098,859.081794870374,755.832427385498,962.331162355251
2021-05-04,C1206,"Atlanta-Sandy Springs-Roswell, GA MSA",594796,8677,728,4,824.43,12.43,0.426021458994259,0.245243264568334,Atlanta,0.257726046974542,0.36927115811509,0.376859315895651,0.640176148642557,0.628473462615461,0.640621314598098,873.168666873124,769.674722744891,976.662611001358
2021-05-05,C1206,"Atlanta-Sandy Springs-Roswell, GA MSA",595433,8691,637,14,795.57,10.43,0.402247709126285,0.226800157595815,Atlanta,0.253920739430934,0.345490435376998,0.398777988837986,0.640176148642557,0.628473462615461,0.640621314598098,885.36084951815,780.786679926453,989.935019109847
2021-05-06,C1206,"Atlanta-Sandy Springs-Roswell, GA MSA",596106,8707,673,16,763.14,9.43,0.360548255617279,0.206012087745472,Atlanta,0.251243193064472,0.321309950682937,0.41621011804282,0.640176148642557,0.628473462615461,0.640621314598098,895.003390949827,789.075481953427,1000.93129994623
2021-05-07,C1206,"Atlanta-Sandy Springs-Roswell, GA MSA",596863,8734,757,27,745.57,11.71,0.325530486795576,0.172085863800212,Atlanta,0.254292546341233,0.294822092795659,0.428867667611093,0.640176148642557,0.628473462615461,0.640621314598098,900.959664333556,793.965247997878,1007.95408066923
2021-05-08,C1206,"Atlanta-Sandy Springs-Roswell, GA MSA",597464,8752,601,18,718,12.71,0.315510824404338,0.148911428468,Atlanta,0.259943265179317,0.275239429980119,0.428163523564436,0.640176148642557,0.628473462615461,0.640621314598098,899.453597858388,791.918792660051,1006.98840305673
2021-05-09,C1206,"Atlanta-Sandy Springs-Roswell, GA MSA",597855,8751,391,-1,625.57,12.57,0.342528572906236,0.164226356552587,Atlanta,0.263693405773833,0.26116774950831,0.418228852423883,0.640176148642557,0.628473462615461,0.640621314598098,893.590399979632,785.51699585514,1001.66380410412
2021-05-10,C1206,"Atlanta-Sandy Springs-Roswell, GA MSA",598138,8752,283,1,581.43,11.29,0.366982398763756,0.178717080416499,Atlanta,0.259226306542999,0.25710218549353,0.397714832372195,0.640176148642557,0.628473462615461,0.640621314598098,858.476443049343,755.853868955745,961.099017142941
2021-05-11,C1206,"Atlanta-Sandy Springs-Roswell, GA MSA",598643,8767,505,15,549.57,12.86,0.382874115435686,0.165470993109063,Atlanta,0.256480017063054,0.257726046974542,0.36927115811509,0.640176148642557,0.628473462615461,0.640621314598098,843.783904360394,740.798073138766,946.769735582022
2021-05-12,C1206,"Atlanta-Sandy Springs-Roswell, GA MSA",599236,8798,593,31,543.29,15.29,0.43758045479807,0.186515949208094,Atlanta,0.25253875148364,0.253920739430934,0.345490435376998,0.640176148642557,0.628473462615461,0.640621314598098,831.317557368339,727.661003647572,934.974111089107
2021-05-13,C1206,"Atlanta-Sandy Springs-Roswell, GA MSA",599914,8809,678,11,544,14.57,0.474154748059598,0.185311292900475,Atlanta,0.245913492998803,0.251243193064472,0.321309950682937,0.640176148642557,0.628473462615461,0.640621314598098,818.691897710541,714.260262997954,923.123532423129
2021-05-14,C1206,"Atlanta-Sandy Springs-Roswell, GA MSA",600458,8822,544,13,513.57,12.57,0.523714424494275,0.236939803278986,Atlanta,0.23324973143431,0.254292546341233,0.294822092795659,0.640176148642557,0.628473462615461,0.640621314598098,805.113715954992,699.945463360392,910.281968549593
2021-05-15,C1206,"Atlanta-Sandy Springs-Roswell, GA MSA",600892,8831,434,9,489.71,11.29,0.541570623301747,0.239694691474297,Atlanta,0.214782243493713,0.259943265179317,0.275239429980119,0.640176148642557,0.628473462615461,0.640621314598098,795.218478865966,689.540633224855,900.896324507077
2021-05-16,C1206,"Atlanta-Sandy Springs-Roswell, GA MSA",601220,8831,328,0,480.71,11.43,0.53347390654588,0.222129139806944,Atlanta,0.19999919011791,0.263693405773833,0.26116774950831,0.640176148642557,0.628473462615461,0.640621314598098,788.094888165101,681.970804592608,894.218971737594
2021-05-17,C1206,"Atlanta-Sandy Springs-Roswell, GA MSA",601461,8831,241,0,474.71,11.29,0.487799583793951,0.202070305673313,Atlanta,0.19171374844956,0.259226306542999,0.25710218549353,0.640176148642557,0.628473462615461,0.640621314598098,792.178557767448,690.995230467915,893.361885066981
2021-05-18,C1206,"Atlanta-Sandy Springs-Roswell, GA MSA",601904,8845,443,14,465.86,11.14,0.445682282975318,0.208398069999383,Atlanta,0.180317709669664,0.256480017063054,0.257726046974542,0.640176148642557,0.628473462615461,0.640621314598098,792.502346617039,691.348963782705,893.655729451373
2021-05-19,C1206,"Atlanta-Sandy Springs-Roswell, GA MSA",602337,8863,433,18,443,9.29,0.418439492302287,0.183017168996074,Atlanta,0.174562822757132,0.25253875148364,0.253920739430934,0.640176148642557,0.628473462615461,0.640621314598098,790.527363084016,689.189895804119,891.864830363913
2021-05-20,C1206,"Atlanta-Sandy Springs-Roswell, GA MSA",602766,8877,429,14,407.43,9.71,0.413466756774654,0.190036773339142,Atlanta,0.171605566350704,0.245913492998803,0.251243193064472,0.640176148642557,0.628473462615461,0.640621314598098,789.137696172191,687.668648833262,890.606743511121
2021-05-21,C1206,"Atlanta-Sandy Springs-Roswell, GA MSA",603144,8891,378,14,383.71,9.86,0.387298990300765,0.154853475910947,Atlanta,0.180870414847672,0.23324973143431,0.254292546341233,0.640176148642557,0.628473462615461,0.640621314598098,790.720333695955,689.401003963143,892.039663428766
2021-05-22,C1206,"Atlanta-Sandy Springs-Roswell, GA MSA",603488,8911,344,20,370.86,11.43,0.444903968024877,0.212336415079036,Atlanta,0.19383945242,0.214782243493713,0.259943265179317,0.640176148642557,0.628473462615461,0.640621314598098,793.653099714751,692.605391350523,894.700808078978
2021-05-23,C1206,"Atlanta-Sandy Springs-Roswell, GA MSA",603743,8911,255,0,360.43,11.43,0.51002361088202,0.260017665079036,Atlanta,0.202111278599194,0.19999919011791,0.263693405773833,0.640176148642557,0.628473462615461,0.640621314598098,795.599451181962,694.727809064233,896.471093299691
