Date,MSA_Code,MSA_Title,Cases,Deaths,Daily_Cases,Daily_Deaths,Daily_Cases7,Daily_Deaths7,mean_health,mean_illness,City,illness7,illness14,illness21,R2_7,R2_14,R2_21,Forecast,Forecast_Lwr,Forecast_Upr
2021-05-02,C1206,"Atlanta-Sandy Springs-Roswell, GA MSA",593476,8663,1038,0,821.29,14.57,0.448734174069873,0.267707730183207,Atlanta,0.26116774950831,0.418228852423883,0.32276710247119,0.635039476402073,0.62071325343901,0.63404171923538,845.981473832871,742.38896241354,949.573985252203
2021-05-03,C1206,"Atlanta-Sandy Springs-Roswell, GA MSA",594068,8673,592,10,834.14,13.43,0.41796656843607,0.236715172094952,Atlanta,0.25710218549353,0.397714832372195,0.349426970936467,0.635039476402073,0.62071325343901,0.63404171923538,860.135864340355,756.722521261526,963.549207419184
2021-05-04,C1206,"Atlanta-Sandy Springs-Roswell, GA MSA",594796,8677,728,4,824.43,12.43,0.426021458994259,0.245243264568334,Atlanta,0.257726046974542,0.36927115811509,0.376859315895651,0.635039476402073,0.62071325343901,0.63404171923538,873.68639049138,770.37307218109,976.99970880167
2021-05-05,C1206,"Atlanta-Sandy Springs-Roswell, GA MSA",595433,8691,637,14,795.57,10.43,0.402247709126285,0.226800157595815,Atlanta,0.253920739430934,0.345490435376998,0.398777988837986,0.635039476402073,0.62071325343901,0.63404171923538,885.369794263295,781.363605309925,989.375983216665
2021-05-06,C1206,"Atlanta-Sandy Springs-Roswell, GA MSA",596106,8707,673,16,763.14,9.43,0.360548255617279,0.206012087745472,Atlanta,0.251243193064472,0.321309950682937,0.41621011804282,0.635039476402073,0.62071325343901,0.63404171923538,894.556210262816,789.592345721335,999.520074804296
2021-05-07,C1206,"Atlanta-Sandy Springs-Roswell, GA MSA",596863,8734,757,27,745.57,11.71,0.325530486795576,0.172085863800212,Atlanta,0.254292546341233,0.294822092795659,0.428867667611093,0.635039476402073,0.62071325343901,0.63404171923538,900.164383590284,794.437857618848,1005.89090956172
2021-05-08,C1206,"Atlanta-Sandy Springs-Roswell, GA MSA",597464,8752,601,18,718,12.71,0.315510824404338,0.148911428468,Atlanta,0.259943265179317,0.275239429980119,0.428163523564436,0.635039476402073,0.62071325343901,0.63404171923538,898.542627257546,792.371533604776,1004.71372091032
2021-05-09,C1206,"Atlanta-Sandy Springs-Roswell, GA MSA",597855,8751,391,-1,625.57,12.57,0.342528572906236,0.164226356552587,Atlanta,0.263693405773833,0.26116774950831,0.418228852423883,0.635039476402073,0.62071325343901,0.63404171923538,869.896813954925,767.333314210389,972.460313699461
2021-05-10,C1206,"Atlanta-Sandy Springs-Roswell, GA MSA",598138,8752,283,1,581.43,11.29,0.366982398763756,0.178717080416499,Atlanta,0.259226306542999,0.25710218549353,0.397714832372195,0.635039476402073,0.62071325343901,0.63404171923538,859.13664614362,756.197759693728,962.075532593511
2021-05-11,C1206,"Atlanta-Sandy Springs-Roswell, GA MSA",598643,8767,505,15,549.57,12.86,0.382874115435686,0.165470993109063,Atlanta,0.256480017063054,0.257726046974542,0.36927115811509,0.635039476402073,0.62071325343901,0.63404171923538,844.443373350679,741.087300177382,947.799446523976
2021-05-12,C1206,"Atlanta-Sandy Springs-Roswell, GA MSA",599236,8798,593,31,543.29,15.29,0.43758045479807,0.186515949208094,Atlanta,0.25253875148364,0.253920739430934,0.345490435376998,0.635039476402073,0.62071325343901,0.63404171923538,832.002525318223,727.929099495816,936.075951140631
2021-05-13,C1206,"Atlanta-Sandy Springs-Roswell, GA MSA",599914,8809,678,11,544,14.57,0.474154748059598,0.185311292900475,Atlanta,0.245913492998803,0.251243193064472,0.321309950682937,0.635039476402073,0.62071325343901,0.63404171923538,819.395601204187,714.495880468873,924.2953219395
2021-05-14,C1206,"Atlanta-Sandy Springs-Roswell, GA MSA",600458,8822,544,13,513.57,12.57,0.523714424494275,0.236939803278986,Atlanta,0.23324973143431,0.254292546341233,0.294822092795659,0.635039476402073,0.62071325343901,0.63404171923538,805.801839149096,700.104679667481,911.49899863071
2021-05-15,C1206,"Atlanta-Sandy Springs-Roswell, GA MSA",600892,8831,434,9,489.71,11.29,0.541570623301747,0.239694691474297,Atlanta,0.214782243493713,0.259943265179317,0.275239429980119,0.635039476402073,0.62071325343901,0.63404171923538,795.874586777446,689.621618415763,902.127555139129
2021-05-16,C1206,"Atlanta-Sandy Springs-Roswell, GA MSA",601220,8831,328,0,480.71,11.43,0.53347390654588,0.222129139806944,Atlanta,0.19999919011791,0.263693405773833,0.26116774950831,0.635039476402073,0.62071325343901,0.63404171923538,794.369173785204,693.119422418044,895.618925152365
2021-05-17,C1206,"Atlanta-Sandy Springs-Roswell, GA MSA",601461,8831,241,0,474.71,11.29,0.487799583793951,0.202070305673313,Atlanta,0.19171374844956,0.259226306542999,0.25710218549353,0.635039476402073,0.62071325343901,0.63404171923538,792.262942166236,690.812705153705,893.713179178767
2021-05-18,C1206,"Atlanta-Sandy Springs-Roswell, GA MSA",601904,8845,443,14,465.86,11.14,0.445682282975318,0.208398069999383,Atlanta,0.180317709669664,0.256480017063054,0.257726046974542,0.635039476402073,0.62071325343901,0.63404171923538,792.586143761977,691.166931086228,894.005356437725
2021-05-19,C1206,"Atlanta-Sandy Springs-Roswell, GA MSA",602337,8863,433,18,443,9.29,0.418439492302287,0.183017168996074,Atlanta,0.174562822757132,0.25253875148364,0.253920739430934,0.635039476402073,0.62071325343901,0.63404171923538,790.614742244473,689.004833877562,892.224650611384
2021-05-20,C1206,"Atlanta-Sandy Springs-Roswell, GA MSA",602766,8877,429,14,407.43,9.71,0.413466756774654,0.190036773339142,Atlanta,0.171605566350704,0.245913492998803,0.251243193064472,0.635039476402073,0.62071325343901,0.63404171923538,789.227595763002,687.481420660537,890.973770865467
2021-05-21,C1206,"Atlanta-Sandy Springs-Roswell, GA MSA",603144,8891,378,14,383.71,9.86,0.387298990300765,0.154853475910947,Atlanta,0.180870414847672,0.23324973143431,0.254292546341233,0.635039476402073,0.62071325343901,0.63404171923538,790.807362866796,689.216240583627,892.398485149965
2021-05-22,C1206,"Atlanta-Sandy Springs-Roswell, GA MSA",603488,8911,344,20,370.86,11.43,0.444903968024877,0.212336415079036,Atlanta,0.19383945242,0.214782243493713,0.259943265179317,0.635039476402073,0.62071325343901,0.63404171923538,793.734809745853,692.425096594062,895.044522897644
