Date,MSA_Code,MSA_Title,Cases,Deaths,Daily_Cases,Daily_Deaths,Daily_Cases7,Daily_Deaths7,mean_health,mean_illness,City,illness7,illness14,illness21,R2_7,R2_14,R2_21,Forecast,Forecast_Lwr,Forecast_Upr
2021-05-05,C1206,"Atlanta-Sandy Springs-Roswell, GA MSA",595433,8691,637,14,795.57,10.43,0.402247709126285,0.226800157595815,Atlanta,0.253920739430934,0.345490435376998,0.398777988837986,0.62223407529964,0.639393264703881,0.637750562112823,858.04277582144,746.611311339995,969.474240302884
2021-05-06,C1206,"Atlanta-Sandy Springs-Roswell, GA MSA",596106,8707,673,16,763.14,9.43,0.360548255617279,0.206012087745472,Atlanta,0.251243193064472,0.321309950682937,0.41621011804282,0.62223407529964,0.639393264703881,0.637750562112823,864.903177046869,751.24057849173,978.565775602008
2021-05-07,C1206,"Atlanta-Sandy Springs-Roswell, GA MSA",596863,8734,757,27,745.57,11.71,0.325530486795576,0.172085863800212,Atlanta,0.254292546341233,0.294822092795659,0.428867667611093,0.62223407529964,0.639393264703881,0.637750562112823,868.97674712681,753.418759099077,984.534735154544
2021-05-08,C1206,"Atlanta-Sandy Springs-Roswell, GA MSA",597464,8752,601,18,718,12.71,0.315510824404338,0.148911428468,Atlanta,0.259943265179317,0.275239429980119,0.428163523564436,0.62223407529964,0.639393264703881,0.637750562112823,866.641693725424,750.09634367489,983.187043775959
2021-05-09,C1206,"Atlanta-Sandy Springs-Roswell, GA MSA",597855,8751,391,-1,625.57,12.57,0.342528572906236,0.164226356552587,Atlanta,0.263693405773833,0.26116774950831,0.418228852423883,0.62223407529964,0.639393264703881,0.637750562112823,859.972382965634,742.594269136936,977.350496794331
2021-05-10,C1206,"Atlanta-Sandy Springs-Roswell, GA MSA",598138,8752,283,1,581.43,11.29,0.366982398763756,0.178717080416499,Atlanta,0.259226306542999,0.25710218549353,0.397714832372195,0.62223407529964,0.639393264703881,0.637750562112823,848.731923729533,730.070919102137,967.392928356929
2021-05-11,C1206,"Atlanta-Sandy Springs-Roswell, GA MSA",598643,8767,505,15,549.57,12.86,0.382874115435686,0.165470993109063,Atlanta,0.256480017063054,0.257726046974542,0.36927115811509,0.62223407529964,0.639393264703881,0.637750562112823,833.745586057301,714.41351201621,953.077660098392
2021-05-12,C1206,"Atlanta-Sandy Springs-Roswell, GA MSA",599236,8798,593,31,543.29,15.29,0.43758045479807,0.186515949208094,Atlanta,0.25253875148364,0.253920739430934,0.345490435376998,0.62223407529964,0.639393264703881,0.637750562112823,820.123847034256,714.349334095007,925.898359973505
2021-05-13,C1206,"Atlanta-Sandy Springs-Roswell, GA MSA",599914,8809,678,11,544,14.57,0.474154748059598,0.185311292900475,Atlanta,0.245913492998803,0.251243193064472,0.321309950682937,0.62223407529964,0.639393264703881,0.637750562112823,807.051606979771,700.524393898912,913.57882006063
2021-05-14,C1206,"Atlanta-Sandy Springs-Roswell, GA MSA",600458,8822,544,13,513.57,12.57,0.523714424494275,0.236939803278986,Atlanta,0.23324973143431,0.254292546341233,0.294822092795659,0.62223407529964,0.639393264703881,0.637750562112823,793.333247687344,686.120996682563,900.545498692126
2021-05-15,C1206,"Atlanta-Sandy Springs-Roswell, GA MSA",600892,8831,434,9,489.71,11.29,0.541570623301747,0.239694691474297,Atlanta,0.214782243493713,0.259943265179317,0.275239429980119,0.62223407529964,0.639393264703881,0.637750562112823,783.53251918856,675.860505000841,891.204533376279
2021-05-16,C1206,"Atlanta-Sandy Springs-Roswell, GA MSA",601220,8831,328,0,480.71,11.43,0.53347390654588,0.222129139806944,Atlanta,0.19999919011791,0.263693405773833,0.26116774950831,0.62223407529964,0.639393264703881,0.637750562112823,776.45873463922,668.371774375844,884.545694902596
2021-05-17,C1206,"Atlanta-Sandy Springs-Roswell, GA MSA",601461,8831,241,0,474.71,11.29,0.487799583793951,0.202070305673313,Atlanta,0.19171374844956,0.259226306542999,0.25710218549353,0.62223407529964,0.639393264703881,0.637750562112823,773.857117855031,665.378824605833,882.335411104229
2021-05-18,C1206,"Atlanta-Sandy Springs-Roswell, GA MSA",601904,8845,443,14,465.86,11.14,0.445682282975318,0.208398069999383,Atlanta,0.180317709669664,0.256480017063054,0.257726046974542,0.62223407529964,0.639393264703881,0.637750562112823,773.911420108465,665.327985975421,882.49485424151
2021-05-19,C1206,"Atlanta-Sandy Springs-Roswell, GA MSA",602337,8863,433,18,443,9.29,0.418439492302287,0.183017168996074,Atlanta,0.174562822757132,0.25253875148364,0.253920739430934,0.62223407529964,0.639393264703881,0.637750562112823,785.450453646504,680.06112784919,890.839779443819
2021-05-20,C1206,"Atlanta-Sandy Springs-Roswell, GA MSA",602766,8877,429,14,407.43,9.71,0.413466756774654,0.190036773339142,Atlanta,0.171605566350704,0.245913492998803,0.251243193064472,0.62223407529964,0.639393264703881,0.637750562112823,784.020995340431,678.499470979916,889.542519700946
2021-05-21,C1206,"Atlanta-Sandy Springs-Roswell, GA MSA",603144,8891,378,14,383.71,9.86,0.387298990300765,0.154853475910947,Atlanta,0.180870414847672,0.23324973143431,0.254292546341233,0.62223407529964,0.639393264703881,0.637750562112823,785.648949733384,680.277842574938,891.020056891831
2021-05-22,C1206,"Atlanta-Sandy Springs-Roswell, GA MSA",603488,8911,344,20,370.86,11.43,0.444903968024877,0.212336415079036,Atlanta,0.19383945242,0.214782243493713,0.259943265179317,0.62223407529964,0.639393264703881,0.637750562112823,788.665691881928,683.567294611312,893.764089152544
2021-05-23,C1206,"Atlanta-Sandy Springs-Roswell, GA MSA",603743,8911,255,0,360.43,11.43,0.51002361088202,0.260017665079036,Atlanta,0.202111278599194,0.19999919011791,0.263693405773833,0.62223407529964,0.639393264703881,0.637750562112823,790.667774717513,685.746017020851,895.589532414174
2021-05-24,C1206,"Atlanta-Sandy Springs-Roswell, GA MSA",603904,8912,161,1,349,11.57,0.534011584980077,0.264251179021153,Atlanta,0.205447453635882,0.19171374844956,0.259226306542999,0.62223407529964,0.639393264703881,0.637750562112823,788.282930077825,683.150366805818,893.415493349832
2021-05-25,C1206,"Atlanta-Sandy Springs-Roswell, GA MSA",604294,8931,390,19,341.43,12.29,0.56191478578231,0.262227578186397,Atlanta,0.211579893191642,0.180317709669664,0.256480017063054,0.62223407529964,0.639393264703881,0.637750562112823,786.816771972344,681.552165454151,892.081378490538
