Date,MSA_Code,MSA_Title,Cases,Deaths,Daily_Cases,Daily_Deaths,Daily_Cases7,Daily_Deaths7,mean_health,mean_illness,City,illness7,illness14,illness21,R2_7,R2_14,R2_21,Forecast,Forecast_Lwr,Forecast_Upr
2021-05-06,C1206,"Atlanta-Sandy Springs-Roswell, GA MSA",596106,8707,673,16,763.14,9.43,0.360548255617279,0.206012087745472,Atlanta,0.251243193064472,0.321309950682937,0.41621011804282,0.663208308025474,0.646385545195051,0.607740850200179,827.255847126144,716.243203624133,938.268490628154
2021-05-07,C1206,"Atlanta-Sandy Springs-Roswell, GA MSA",596863,8734,757,27,745.57,11.71,0.325530486795576,0.172085863800212,Atlanta,0.254292546341233,0.294822092795659,0.428867667611093,0.663208308025474,0.646385545195051,0.607740850200179,826.588565415726,713.50574657595,939.671384255502
2021-05-08,C1206,"Atlanta-Sandy Springs-Roswell, GA MSA",597464,8752,601,18,718,12.71,0.315510824404338,0.148911428468,Atlanta,0.259943265179317,0.275239429980119,0.428163523564436,0.663208308025474,0.646385545195051,0.607740850200179,821.645960565612,707.36925616004,935.922664971183
2021-05-09,C1206,"Atlanta-Sandy Springs-Roswell, GA MSA",597855,8751,391,-1,625.57,12.57,0.342528572906236,0.164226356552587,Atlanta,0.263693405773833,0.26116774950831,0.418228852423883,0.663208308025474,0.646385545195051,0.607740850200179,812.924573018161,697.642958459988,928.206187576335
2021-05-10,C1206,"Atlanta-Sandy Springs-Roswell, GA MSA",598138,8752,283,1,581.43,11.29,0.366982398763756,0.178717080416499,Atlanta,0.259226306542999,0.25710218549353,0.397714832372195,0.663208308025474,0.646385545195051,0.607740850200179,799.307249151241,682.710411448052,915.904086854429
2021-05-11,C1206,"Atlanta-Sandy Springs-Roswell, GA MSA",598643,8767,505,15,549.57,12.86,0.382874115435686,0.165470993109063,Atlanta,0.256480017063054,0.257726046974542,0.36927115811509,0.663208308025474,0.646385545195051,0.607740850200179,783.390089751767,666.11604629915,900.664133204384
2021-05-12,C1206,"Atlanta-Sandy Springs-Roswell, GA MSA",599236,8798,593,31,543.29,15.29,0.43758045479807,0.186515949208094,Atlanta,0.25253875148364,0.253920739430934,0.345490435376998,0.663208308025474,0.646385545195051,0.607740850200179,768.245207730193,649.427671481058,887.062743979329
2021-05-13,C1206,"Atlanta-Sandy Springs-Roswell, GA MSA",599914,8809,678,11,544,14.57,0.474154748059598,0.185311292900475,Atlanta,0.245913492998803,0.251243193064472,0.321309950682937,0.663208308025474,0.646385545195051,0.607740850200179,790.534858325578,680.349939486667,900.719777164489
2021-05-14,C1206,"Atlanta-Sandy Springs-Roswell, GA MSA",600458,8822,544,13,513.57,12.57,0.523714424494275,0.236939803278986,Atlanta,0.23324973143431,0.254292546341233,0.294822092795659,0.663208308025474,0.646385545195051,0.607740850200179,776.798860161061,665.910360370953,887.687359951169
2021-05-15,C1206,"Atlanta-Sandy Springs-Roswell, GA MSA",600892,8831,434,9,489.71,11.29,0.541570623301747,0.239694691474297,Atlanta,0.214782243493713,0.259943265179317,0.275239429980119,0.663208308025474,0.646385545195051,0.607740850200179,767.327339059756,655.986468816314,878.668209303198
2021-05-16,C1206,"Atlanta-Sandy Springs-Roswell, GA MSA",601220,8831,328,0,480.71,11.43,0.53347390654588,0.222129139806944,Atlanta,0.19999919011791,0.263693405773833,0.26116774950831,0.663208308025474,0.646385545195051,0.607740850200179,760.458842294258,648.703192912184,872.214491676332
2021-05-17,C1206,"Atlanta-Sandy Springs-Roswell, GA MSA",601461,8831,241,0,474.71,11.29,0.487799583793951,0.202070305673313,Atlanta,0.19171374844956,0.259226306542999,0.25710218549353,0.663208308025474,0.646385545195051,0.607740850200179,757.35720174518,645.17012135195,869.544282138409
2021-05-18,C1206,"Atlanta-Sandy Springs-Roswell, GA MSA",601904,8845,443,14,465.86,11.14,0.445682282975318,0.208398069999383,Atlanta,0.180317709669664,0.256480017063054,0.257726046974542,0.663208308025474,0.646385545195051,0.607740850200179,757.14241182159,644.830948954242,869.453874688939
2021-05-19,C1206,"Atlanta-Sandy Springs-Roswell, GA MSA",602337,8863,433,18,443,9.29,0.418439492302287,0.183017168996074,Atlanta,0.174562822757132,0.25253875148364,0.253920739430934,0.663208308025474,0.646385545195051,0.607740850200179,754.287603342769,641.572168195535,867.003038490002
2021-05-20,C1206,"Atlanta-Sandy Springs-Roswell, GA MSA",602766,8877,429,14,407.43,9.71,0.413466756774654,0.190036773339142,Atlanta,0.171605566350704,0.245913492998803,0.251243193064472,0.663208308025474,0.646385545195051,0.607740850200179,779.339344171227,664.861270830826,893.817417511629
2021-05-21,C1206,"Atlanta-Sandy Springs-Roswell, GA MSA",603144,8891,378,14,383.71,9.86,0.387298990300765,0.154853475910947,Atlanta,0.180870414847672,0.23324973143431,0.254292546341233,0.663208308025474,0.646385545195051,0.607740850200179,781.004245097643,666.68814961916,895.320340576125
2021-05-22,C1206,"Atlanta-Sandy Springs-Roswell, GA MSA",603488,8911,344,20,370.86,11.43,0.444903968024877,0.212336415079036,Atlanta,0.19383945242,0.214782243493713,0.259943265179317,0.663208308025474,0.646385545195051,0.607740850200179,784.089452410332,670.066922034904,898.11198278576
2021-05-23,C1206,"Atlanta-Sandy Springs-Roswell, GA MSA",603743,8911,255,0,360.43,11.43,0.51002361088202,0.260017665079036,Atlanta,0.202111278599194,0.19999919011791,0.263693405773833,0.663208308025474,0.646385545195051,0.607740850200179,786.136972649322,672.304513338424,899.96943196022
2021-05-24,C1206,"Atlanta-Sandy Springs-Roswell, GA MSA",603904,8912,161,1,349,11.57,0.534011584980077,0.264251179021153,Atlanta,0.205447453635882,0.19171374844956,0.259226306542999,0.663208308025474,0.646385545195051,0.607740850200179,783.698003801572,669.638702316317,897.757305286826
2021-05-25,C1206,"Atlanta-Sandy Springs-Roswell, GA MSA",604294,8931,390,19,341.43,12.29,0.56191478578231,0.262227578186397,Atlanta,0.211579893191642,0.180317709669664,0.256480017063054,0.663208308025474,0.646385545195051,0.607740850200179,782.198571140158,667.997137316611,896.400004963706
2021-05-26,C1206,"Atlanta-Sandy Springs-Roswell, GA MSA",604552,8949,258,18,316.43,12.29,0.537803493170549,0.266158763833474,Atlanta,0.211080067447067,0.174562822757132,0.25253875148364,0.663208308025474,0.646385545195051,0.607740850200179,780.046699540228,665.637748380129,894.455650700327
