PC,Variable,R2,Cumulative_R2
1,lag_mean_verb,0.204,0.204
2,lag_mean_acquire,0.083,0.287
3,mean_differ,0.048,0.335
4,lag_mean_tone_pos,0.038,0.373
5,lag_mean_article,0.031,0.405
6,mean_QMark,0.026,0.43
7,mean_AllPunc,0.024,0.455
8,mean_time,0.023,0.478
9,lag_mean_Apostro,0.022,0.5
10,lag_mean_Conversation,0.02,0.52
11,lag_mean_money,0.019,0.538
12,lag_mean_Abortion_Related,0.017,0.555
13,mean_curiosity,0.016,0.571
14,lag_mean_reward,0.016,0.587
15,mean_BigWords,0.013,0.6
16,mean_number,0.013,0.613
17,lag_mean_curiosity,0.013,0.626
18,lag_mean_emo_neg,0.013,0.639
19,mean_filler,0.012,0.65
20,mean_allnone,0.011,0.662
21,lag_mean_mental,0.011,0.672
22,lag_mean_ethnicity,0.01,0.683
23,mean_reward,0.01,0.693
24,mean_emo_neg,0.009,0.702
25,lag_mean_certitude,0.009,0.712
26,mean_assent,0.009,0.72
27,mean_mental,0.009,0.729
28,mean_filler,0.008,0.737
29,lag_mean_nonflu,0.008,0.745
30,lag_mean_reward,0.008,0.753
31,lag_mean_allnone,0.007,0.76
32,mean_allnone,0.007,0.767
33,mean_emo_anx,0.007,0.774
34,lag_mean_det,0.007,0.781
35,lag_mean_auditory,0.006,0.787
36,lag_mean_friend,0.006,0.793
37,mean_certitude,0.006,0.8
38,lag_mean_substances,0.006,0.805
39,mean_allnone,0.006,0.811
40,lag_mean_reward,0.005,0.817
41,mean_feeling,0.005,0.822
42,mean_fulfill,0.005,0.827
43,mean_auditory,0.005,0.832
44,mean_wellness,0.005,0.837
45,mean_nonflu,0.005,0.842
46,lag_mean_want,0.005,0.847
47,mean_mental,0.005,0.851
48,mean_netspeak,0.004,0.855
49,lag_mean_fulfill,0.004,0.86
50,lag_mean_emo_anx,0.004,0.864
51,lag_mean_auditory,0.004,0.868
52,lag_mean_reward,0.004,0.872
53,lag_mean_ethnicity,0.004,0.876
54,lag_mean_BigWords,0.004,0.88
55,mean_friend,0.004,0.884
56,lag_mean_memory,0.004,0.887
57,lag_mean_they,0.003,0.891
58,lag_mean_female,0.003,0.894
59,lag_mean_wellness,0.003,0.897
60,lag_mean_tentat,0.003,0.901
61,mean_QMark,0.003,0.904
62,lag_mean_relig,0.003,0.907
63,lag_mean_filler,0.003,0.91
64,mean_auditory,0.003,0.913
65,mean_auditory,0.003,0.916
66,lag_mean_nonflu,0.003,0.918
67,mean_mental,0.003,0.921
68,lag_mean_leisure,0.003,0.924
69,mean_family,0.003,0.926
70,mean_friend,0.003,0.929
71,mean_adverb,0.002,0.931
72,lag_mean_family,0.002,0.934
73,mean_memory,0.002,0.936
74,lag_mean_nonflu,0.002,0.938
75,lag_mean_certitude,0.002,0.94
76,mean_Exclam,0.002,0.943
77,lag_mean_want,0.002,0.945
78,lag_mean_auditory,0.002,0.947
79,lag_mean_tentat,0.002,0.949
80,mean_reward,0.002,0.951
81,mean_cause,0.002,0.952
82,lag_mean_money,0.002,0.954
83,mean_OtherP,0.002,0.956
84,mean_adj,0.002,0.958
85,mean_conflict,0.002,0.959
86,lag_mean_QMark,0.002,0.961
87,lag_mean_memory,0.002,0.962
88,lag_mean_prep,0.002,0.964
89,mean_death,0.001,0.965
90,mean_nonflu,0.001,0.967
91,mean_adj,0.001,0.968
92,mean_tentat,0.001,0.969
93,mean_curiosity,0.001,0.97
94,lag_mean_memory,0.001,0.972
95,mean_wellness,0.001,0.973
96,lag_mean_Race_Related,0.001,0.974
97,lag_mean_mental,0.001,0.975
98,lag_mean_leisure,0.001,0.976
99,mean_motion,0.001,0.977
100,mean_attention,0.001,0.978
101,lag_mean_allure,0.001,0.979
102,lag_mean_need,0.001,0.98
103,mean_leisure,0.001,0.981
104,lag_mean_OtherP,0.001,0.982
105,lag_mean_Race_Related,0.001,0.982
106,mean_substances,0.001,0.983
107,mean_friend,0.001,0.984
108,lag_mean_need,0.001,0.985
109,mean_emo_anger,0.001,0.985
110,lag_mean_curiosity,0.001,0.986
111,lag_mean_discrep,0.001,0.987
112,lag_mean_Exclam,0.001,0.988
113,mean_ethnicity,0.001,0.988
114,mean_substances,0.001,0.989
115,mean_emo_anx,0.001,0.989
116,mean_WC,0.001,0.99
117,mean_swear,0.001,0.99
118,mean_space,0.001,0.991
119,lag_mean_comm,0.001,0.991
120,lag_mean_Period,0,0.992
121,mean_need,0,0.992
122,mean_number,0,0.993
123,mean_relig,0,0.993
124,mean_death,0,0.994
125,mean_Comma,0,0.994
126,mean_memory,0,0.994
127,lag_mean_curiosity,0,0.995
128,mean_tech,0,0.995
129,mean_reward,0,0.995
130,mean_quantity,0,0.996
131,lag_mean_focusfuture,0,0.996
132,lag_mean_death,0,0.996
133,lag_mean_achieve,0,0.997
134,lag_mean_differ,0,0.997
135,lag_Weekly_Cases,0,0.997
136,mean_number,0,0.997
137,lag_mean_emo_pos,0,0.998
138,mean_time,0,0.998
139,lag_mean_conj,0,0.998
140,lag_mean_cause,0,0.998
141,mean_polite,0,0.998
142,lag_mean_socbehav,0,0.998
143,lag_mean_conflict,0,0.999
144,lag_mean_power,0,0.999
145,lag_mean_friend,0,0.999
146,mean_sexual,0,0.999
147,lag_mean_we,0,0.999
148,mean_comm,0,0.999
149,mean_conflict,0,0.999
150,mean_affiliation,0,0.999
151,mean_Physical,0,0.999
152,mean_power,0,1
153,lag_mean_prosocial,0,1
154,lag_mean_motion,0,1
155,mean_Tone,0,1
156,lag_mean_focuspast,0,1
157,lag_mean_socbehav,0,1
158,mean_Race_Related,0,1
159,mean_Tone,0,1
160,mean_negate,0,1
161,lag_mean_Analytic,0,1
162,lag_mean_comm,0,1
163,mean_function,0,1
